MODE 0
SIZE 11/30
LIMIT 0/29
COLOR LIMIT 4
STARS 3000/4000/6000
6 6 6 6 6 6 6 6 6 6 6
0 0 0 6 0 0 0 0 0 0 6
6 6 6 6 0 0 6 6 6 6 6
0 0 6 6 0 0 0 0 6 6 0
0 0 6 0 0 0 0 0 6 0 0
6 0 6 0 0 6 0 0 6 0 0
6 6 6 6 6 6 0 6 6 6 6
0 0 6 6 0 6 6 0 6 6 0
0 0 0 6 0 0 6 0 0 0 0
0 0 0 0 0 0 0 0 0 0 0
0 0 0 0 0 0 0 0 0 0 0
0 0 0 0 0 0 0 0 0 0 0
0 0 0 0 0 0 0 0 0 0 0
0 0 0 0 0 0 0 0 0 0 0
0 0 0 0 0 0 0 0 0 0 0
0 0 0 0 0 0 0 0 0 0 0
0 0 0 0 0 0 0 0 0 0 0
0 0 0 0 0 0 0 0 0 0 0
0 0 0 0 0 0 0 0 0 0 0
0 0 0 0 0 0 0 0 0 0 0
0 0 0 0 0 0 0 0 0 0 0
0 0 0 0 0 0 0 0 0 0 0
0 0 0 0 0 0 0 0 0 0 0
0 0 0 0 0 0 0 0 0 0 0
0 0 0 0 0 0 0 0 0 0 0
0 0 0 0 0 0 0 0 0 0 0
0 0 0 0 0 0 0 0 0 0 0
0 0 0 0 0 0 0 0 0 0 0
0 0 0 0 0 0 0 0 0 0 0
0 0 0 0 0 0 0 0 0 0 0
0 0 0 0 0 0 0 0 0 0 0