MODE 0
SIZE 11/30
LIMIT 0/60
COLOR LIMIT 5
STARS 2250/4500/7700
6 6 6 6 6 6 6 6 6 6 6
6 6 6 0 6 6 6 6 6 6 6
0 0 0 0 0 0 0 0 0 6 6
0 0 0 0 0 0 0 0 0 6 6
0 0 0 6 6 6 6 6 6 6 6
0 0 6 6 6 6 6 6 6 6 0
0 0 0 0 0 0 6 6 0 0 0
0 0 0 0 0 0 0 0 0 6 6
6 6 6 6 6 6 6 6 0 0 6
6 6 6 0 0 0 6 6 6 6 6
0 0 6 6 0 0 0 0 0 0 0
0 0 6 6 0 0 0 0 0 0 0
6 6 6 6 6 6 6 0 0 6 6
6 6 6 0 0 0 6 6 6 6 6
0 0 0 0 0 0 0 6 0 0 0
0 0 0 0 6 0 0 0 0 0 0
6 0 0 6 6 6 6 6 6 6 6
6 6 6 6 6 6 0 0 0 6 6
0 6 0 0 0 0 0 0 0 0 0
0 0 0 6 0 0 0 0 0 0 0
6 6 6 6 6 6 6 0 0 6 6
6 6 0 0 0 6 6 6 6 6 6
0 0 0 0 6 6 0 0 0 0 0
0 0 0 0 0 0 0 6 6 0 0
0 0 0 0 0 0 0 6 6 6 6
0 0 0 0 0 6 6 6 6 6 6
0 0 0 0 0 0 0 0 0 0 0
0 0 0 0 0 0 0 0 0 0 0
0 0 0 0 0 0 0 0 0 0 0
0 0 0 0 0 0 0 0 0 0 0
0 0 0 0 0 0 0 0 0 0 0