MODE 0
SIZE 11/30
LIMIT 0/60
COLOR LIMIT 4
STARS 966/1933/3300
6 6 6 6 6 6 6 6 6 6 6
6 6 0 6 6 6 6 6 6 6 6
6 6 0 0 6 6 6 6 6 6 6
0 0 0 6 6 6 6 6 6 6 6
0 0 0 0 0 6 6 6 6 6 6
0 0 0 0 0 0 0 0 0 6 6
0 0 0 0 0 6 6 6 6 6 0
0 0 0 0 0 0 6 6 6 6 0
0 0 0 0 0 0 6 6 6 0 0
0 0 0 0 0 0 0 0 0 0 0
0 0 0 0 0 0 0 0 0 0 0
0 0 0 0 0 0 0 0 0 0 0
0 0 0 0 0 0 0 0 0 0 0
0 0 0 0 0 0 0 0 0 0 0
0 0 0 0 0 0 0 0 0 0 0
0 0 0 0 0 0 0 0 0 0 0
0 0 0 0 0 0 0 0 0 0 0
0 0 0 0 0 0 0 0 0 0 0
0 0 0 0 0 0 0 0 0 0 0
0 0 0 0 0 0 0 0 0 0 0
0 0 0 0 0 0 0 0 0 0 0
0 0 0 0 0 0 0 0 0 0 0
0 0 0 0 0 0 0 0 0 0 0
0 0 0 0 0 0 0 0 0 0 0
0 0 0 0 0 0 0 0 0 0 0
0 0 0 0 0 0 0 0 0 0 0
0 0 0 0 0 0 0 0 0 0 0
0 0 0 0 0 0 0 0 0 0 0
0 0 0 0 0 0 0 0 0 0 0
0 0 0 0 0 0 0 0 0 0 0
0 0 0 0 0 0 0 0 0 0 0