MODE 0
SIZE 11/30
LIMIT 0/29
COLOR LIMIT 6
STARS 3000/6500/8500
6 6 6 6 6 6 6 6 6 6 6
6 6 0 0 6 6 0 0 6 6 0
0 6 6 0 0 6 0 0 6 6 0
0 6 6 0 6 6 0 6 6 0 0
0 0 6 6 0 6 0 6 6 0 0
0 0 6 6 6 6 6 6 0 0 0
0 0 0 6 6 6 6 6 0 0 0
0 0 0 6 6 6 6 0 0 0 0
0 0 0 0 6 6 6 0 0 0 0
6 6 6 6 6 6 6 6 6 6 0
0 6 6 6 6 6 6 6 6 6 0
0 6 6 0 0 0 0 6 6 0 0
0 0 6 6 0 0 0 6 6 0 0
0 0 6 6 6 6 6 6 0 0 0
0 0 6 6 0 0 0 6 6 0 0
0 6 6 0 0 0 0 6 6 0 0
0 6 6 6 6 6 6 6 6 6 0
6 6 0 0 0 0 0 0 6 6 0
0 6 6 0 0 0 0 0 6 6 0
0 6 6 6 6 6 6 6 6 0 0
0 0 6 6 6 6 6 6 6 0 0
0 6 6 0 0 0 0 6 6 0 0
0 6 6 0 0 0 0 0 6 6 0
6 6 6 6 6 6 6 6 6 6 0
0 6 6 6 6 6 6 6 6 6 0
0 6 6 0 0 0 0 6 6 0 0
0 0 6 6 0 0 0 6 6 0 0
0 0 6 6 6 6 6 6 0 0 0
0 0 0 6 6 6 6 6 0 0 0
0 0 0 0 0 0 0 0 0 0 0
